265996
275696
29713
148020
383714
383722
383787
383828
39304
393375
393406
393469
393470
393485
393492
393497
393508
393510
39410
854719
638753
638889
639040
639046
639121
728181788
56616071
820631036
226564
379233464
314921
964510417
964510418
716517
716619
727153
727190
807160605
358077243
570391
746715
589688
589809
589850
589908
589911
589949
59718
599745
599873
550582
432727
432741
432742
432747
432755
432756
432815
432833
432888
432913
432935
432959
433017
433110
433117
433120
433141
433144
433153
433155
442456
442463
442468
442469
442485
442493
442543
442564
442567
442621
442625
442763
442764
82240559
540608
540613
540693
773739434
773739435
648800
233265929
442808
442809
452271
452341
79389
79549
79632
79671
79706
79708
570711
579885
580119
462153
256231
511354
511381
511406
511893
520998
521135
531025
481949
167750
501440
501639
50178
197225
20493
20618
224098652
845876618
863903
471973
472035
912950
29110684
403243
403264
403285
413005
413092
413095
413110
413111
413115
413184
413198
413273
413284
413343
413393
413395
422909
422973
89198
1000
108874
118590
118606
